lastAccountName: jameswdale
timestamps:
  login: 1489646045884
  logout: 1489646325364
ipAddress: 10.0.0.189
lastlocation:
  world: world
  x: 0.0
  y: 75.0
  z: -1.0
  yaw: 0.0
  pitch: 0.0
money: '0'
logoutlocation:
  world: spawn
  x: 0.8674330321663186
  y: 140.11822240454927
  z: 8.781037782531829
  yaw: -178.00043
  pitch: 36.433475
