lastAccountName: _Syntax_Error
timestamps:
  login: 1491067399112
  lastteleport: 1490672912252
  logout: 1491067451747
ipAddress: 10.0.0.189
lastlocation:
  world: world
  x: -46.06002497070706
  y: 73.0
  z: -5.8033016660067
  yaw: 94.19992
  pitch: 8.399917
money: '0'
afk: false
logoutlocation:
  world: world
  x: -7.788387140188069
  y: 87.99872457949007
  z: -239.63652704429882
  yaw: -162.60152
  pitch: 19.199993
homes:
  home:
    world: world
    x: -192.88066423370026
    y: 12.0
    z: -73.69999998807907
    yaw: -207.58803
    pitch: 20.249989
nickname: §9_Syntax§e_Error
