lastAccountName: Dustehhh
timestamps:
  login: 1490662306649
  logout: 1490662326754
ipAddress: 10.0.0.189
lastlocation:
  world: world
  x: 0.0
  y: 75.0
  z: -1.0
  yaw: 0.0
  pitch: 0.0
nickname: §bDust§dehhhhhh
money: '5349.0'
logoutlocation:
  world: spawn
  x: -0.026437695161730446
  y: 139.0
  z: 9.481995813226037
  yaw: -205.88312
  pitch: 12.222758
