lastAccountName: Dustehhh
timestamps:
  login: 1491675971233
  logout: 1491676232806
ipAddress: 10.0.0.189
lastlocation:
  world: world
  x: 0.0
  y: 75.0
  z: -1.0
  yaw: 0.0
  pitch: 0.0
nickname: §bDust§dehhhhhh
money: '5349.0'
logoutlocation:
  world: spawn
  x: 1.89624726262634
  y: 142.0
  z: 0.9915811109549502
  yaw: 73.457886
  pitch: 37.49864
