lastAccountName: Katsuki_Shouta
timestamps:
  login: 1489795054797
  logout: 1489795261469
ipAddress: 10.0.0.189
lastlocation:
  world: world
  x: 0.0
  y: 75.0
  z: -1.0
  yaw: 0.0
  pitch: 0.0
logoutlocation:
  world: spawn
  x: 0.7401254263679143
  y: 142.0
  z: 0.6929625661563409
  yaw: -264.151
  pitch: 26.100025
