lastAccountName: Katsuki_Shouta
timestamps:
  login: 1491183706420
  logout: 1491183723903
ipAddress: 10.0.0.189
lastlocation:
  world: world
  x: 0.0
  y: 75.0
  z: -1.0
  yaw: 0.0
  pitch: 0.0
logoutlocation:
  world: spawn
  x: -0.9833718913357796
  y: 142.0
  z: 0.4091966105151299
  yaw: -276.45117
  pitch: 20.400038
