lastAccountName: GlyphHero
timestamps:
  login: 1492272665210
  logout: 1492272855683
  lastteleport: 1489638927507
  kits:
    vip: 1490674529865
ipAddress: 10.0.0.189
lastlocation:
  world: spawn
  x: 0.5
  y: 142.0
  z: 0.5
  yaw: -274.3502
  pitch: 18.750034
money: '0'
afk: false
logoutlocation:
  world: spawn
  x: 0.9035504646967816
  y: 142.0
  z: 1.1120217615969317
  yaw: 344.76782
  pitch: 53.295944
nickname: §6Glyph§3Hero
