lastAccountName: CavemanlyMan
timestamps:
  login: 1490575704101
  lastteleport: 1490575582199
  logout: 1490576824956
  kits:
    tools: 1489446071033
ipAddress: 10.0.0.189
lastlocation:
  world: world
  x: -2.716355814668638
  y: 93.61644260878737
  z: -148.5630950984775
  yaw: -151.49998
  pitch: 10.500003
money: '0.0'
logoutlocation:
  world: spawn
  x: 0.05019425902929189
  y: 139.0
  z: -8.57122190806465
  yaw: 95.38574
  pitch: -5.6999393
