lastAccountName: CavemanlyMan
timestamps:
  login: 1492378178772
  lastteleport: 1491685253880
  logout: 1492378268675
  kits:
    shop: 1491511259084
    vip: 1491510586039
    tools: 1491511265184
ipAddress: 10.0.0.189
lastlocation:
  world: spawn
  x: -17.30000001192093
  y: 135.02922846391363
  z: 1.1628317814494324
  yaw: -111.17029
  pitch: -60.299854
money: '2000'
logoutlocation:
  world: spawn
  x: 3.4558146012217543
  y: 142.0
  z: 2.0448365874904333
  yaw: -70.81903
  pitch: 25.950098
nickname: §b§ko§r§fSupreme§b_§0Cavelord§b§ko
afk: false
