spawns: 
  default: 
    world: spawn
    x: 0.5175894529243616
    y: 142.0
    z: 0.520816897671945
    yaw: -274.3502
    pitch: 18.750034
