lastAccountName: GlyphHero
timestamps:
  login: 1488770116488
  logout: 1488770244225
ipAddress: 10.0.0.189
lastlocation:
  world: world
  x: 84.68842103306288
  y: 79.17675927506424
  z: -248.0532160382674
  yaw: -197.39705
  pitch: 13.199822
logoutlocation:
  world: world
  x: -70.35007898995265
  y: 72.0
  z: 32.376430611205755
  yaw: -322.04956
  pitch: 2.0999877
